rpy 573 -59.584915 47.957291 5.172616 -1.571687 0.011040 0.410173
rpy 572 -55.095829 38.990471 5.298119 -1.562018 -0.004795 -1.137714
rpy 571 -53.724571 35.948727 5.282296 -1.570514 0.036021 0.566989
rpy 570 -47.692371 27.528854 5.308455 -1.579405 -0.010469 -2.477115
rpy 569 -45.841301 25.265337 5.321914 -1.568725 0.003987 0.785903
rpy 568 -42.418781 21.011137 5.384361 -1.578564 0.000760 -0.785398
rpy 567 -36.207527 16.050982 5.361632 -1.564512 -0.002686 0.970991
rpy 566 -27.786762 10.376592 5.357219 -1.572621 0.009343 -0.620179
rpy 23 0.431744 -1.391745 0.220492 -1.575514 0.005162 -0.326503
rpy 22 -2.545438 3.339638 0.178365 -1.566341 -0.010923 2.888542
rpy 19 -12.919463 2.941244 0.224611 -1.574442 -0.004949 -0.318818
rpy 18 -11.644341 6.369564 0.138616 -1.577313 0.004888 2.770584
rpy 17 -16.107000 4.294536 0.236212 -1.562161 0.023022 -0.466750
rpy 16 -24.946793 8.835736 0.374817 -1.567003 -0.000100 -0.480164
rpy 15 -27.833553 10.595985 0.421603 -1.566216 0.000376 -0.637348
rpy 14 -36.262943 16.414778 0.400720 -1.557714 -0.001804 0.959994
rpy 13 -42.532856 21.250187 -0.305954 -1.569775 0.017427 -0.772303
rpy 12 -47.906105 27.705126 0.431954 -1.555000 -0.013735 -2.531628
rpy 11 -45.959400 25.619179 0.531087 -1.559691 0.002405 0.820793
rpy 10 -53.587254 35.976978 0.580136 -1.571160 0.000721 0.634368
rpy 9 -59.284336 35.073051 0.724029 -1.558517 -0.004605 -1.040137
rpy 8 -53.332077 40.275528 0.524153 -1.566868 -0.013181 2.050846
rpy 7 -59.019669 47.754562 0.630169 -1.558214 -0.002945 -1.141303
rpy 6 -63.392448 49.875206 0.667198 -1.546886 0.001530 -2.917025
rpy 5 -60.148964 51.076225 0.658818 -1.554796 -0.006973 -1.328682
rpy 4 -62.409748 60.473938 0.358309 -1.559351 -0.016164 -1.331490
rpy 3 -58.852879 61.242256 1.166446 -1.593094 0.015894 1.709663
rpy 2 -63.178089 60.654316 0.397187 -1.573178 -0.005203 0.264511
rpy 1 -66.686615 61.997292 0.259314 -1.571708 -0.010107 -2.904037
