rpy 329 14.054818 14.995358 0.251573 -1.565010 -0.001955 1.089976
rpy 328 12.958121 10.198665 0.178754 -1.563119 -0.008644 2.687632
rpy 327 8.436337 5.854260 0.155283 -1.558341 0.010427 -0.364560
rpy 326 5.020154 10.971168 0.247295 -1.570189 -0.006387 -1.601125
rpy 325 1.545324 16.316061 0.237084 -1.570203 0.010641 2.629620
rpy 324 2.598465 5.524070 0.432505 -1.572786 0.011384 1.230190
rpy 323 -0.715874 1.384071 0.269652 -1.568979 0.008370 -0.061371
rpy 322 -0.094519 -17.327902 0.227219 -1.573126 -0.003830 1.522511
rpy 321 -2.106257 -23.265173 0.128215 -1.540358 -0.007562 -0.114146
rpy 320 13.296439 20.182596 0.166251 -1.584091 0.037299 1.263027
rpy 319 14.491696 16.086634 0.256282 -1.576182 0.012426 1.121643
rpy 318 16.314751 20.285849 -0.052238 -1.567601 0.008124 1.273366
rpy 317 5.930030 19.745092 0.210947 -1.556345 0.008800 -1.859176
rpy 316 6.750830 16.500456 0.457013 -1.598490 -0.023004 -2.088461
rpy 315 2.691670 22.929399 -1.908716 -1.583665 -0.005943 1.268573
rpy 314 15.462635 15.870228 0.216551 -1.581018 -0.001075 -0.402680
rpy 313 23.980124 13.524497 0.237909 -1.563638 -0.012405 2.695869
rpy 312 27.560850 9.842760 0.163349 -1.581317 -0.024062 -2.028890
rpy 311 32.082348 10.116971 0.163750 -1.593442 -0.036478 -3.069753
