rpy 344 -82.350586 52.635395 -0.313045 -1.569441 -0.010543 -2.744125
rpy 343 -80.593781 49.609940 -0.337794 -1.585971 0.009034 0.417564
rpy 342 -81.899925 52.890915 -5.096134 -1.570991 0.009445 -2.763753
rpy 341 -79.427284 52.255672 -4.779963 -1.567393 -0.012336 -1.196601
rpy 340 -69.211739 53.156933 -4.163470 -1.577801 0.022910 -2.799694
rpy 339 -71.555794 47.987125 -4.821733 -1.563620 0.008053 -1.183182
rpy 338 -65.900146 36.777752 -4.876739 -1.565054 0.019143 -0.986063
rpy 337 -31.597248 4.936557 -4.647904 -1.556206 -0.026251 -2.045035
rpy 336 -50.745140 24.230526 -5.249914 -1.562337 -0.031481 2.349790
rpy 335 -51.060791 19.017046 -4.948127 -1.589079 0.020572 0.914110
rpy 334 -47.058910 15.086775 -5.018835 -1.578614 -0.008491 -0.637634
rpy 333 -40.614464 16.402567 -4.935153 -1.577190 0.013196 2.651353
rpy 332 -40.029278 11.199670 -5.056676 -1.576737 -0.006366 1.042769
rpy 331 -32.245968 7.406806 -4.962448 -1.554148 -0.007363 -0.478482
rpy 330 -27.770927 5.363409 -4.824794 -1.570715 -0.002649 -0.362358
rpy 329 -19.759071 2.773845 -5.590157 -1.541008 -0.027332 -0.316246
rpy 328 -13.362859 1.191864 -4.681254 -1.563475 0.001910 -0.158345
rpy 327 -6.481393 0.103818 -4.631160 -1.574686 -0.010700 -0.157651
rpy 326 -3.999665 3.666080 -5.056703 -1.562591 -0.003567 3.046480
rpy 325 -9.422101 2.692145 -2.323156 -1.565225 -0.026294 -0.155344
rpy 324 -78.616470 50.271313 0.075894 -1.563375 -0.006542 -1.198353
rpy 323 -77.656891 52.771641 0.011016 -1.582157 -0.050105 -2.762992
rpy 322 -73.892426 51.810463 0.067219 -1.554907 0.002683 0.374828
rpy 321 -69.514214 53.114502 1.194633 -1.576312 0.039914 1.892968
rpy 320 -73.140213 51.746681 0.021292 -1.572932 0.007619 -1.203378
rpy 319 -69.377014 42.546566 0.305153 -1.561388 -0.002086 -1.173677
rpy 318 -72.442688 41.031254 0.270493 -1.569208 -0.032195 -2.791414
rpy 317 -67.798927 39.454132 0.090248 -1.578995 0.007033 -1.001869
rpy 316 -57.162632 30.986660 -0.322493 -1.561532 -0.026270 2.285272
rpy 315 -60.776726 32.918846 0.011057 -1.550803 -0.023882 2.210159
rpy 314 -66.137268 26.595846 0.208196 -1.583071 0.010121 -0.871085
rpy 313 -62.247841 30.806364 -0.059617 -1.560840 -0.016611 -2.554936
rpy 312 -60.351612 28.367544 -0.101273 -1.559339 0.026367 0.739928
rpy 311 -53.813087 21.313883 -0.205098 -1.576345 -0.011404 -2.401193
rpy 310 -51.496914 19.370935 -0.053969 -1.563827 -0.004500 0.917811
rpy 309 -47.440262 15.486451 -1.009950 -1.569633 -0.003808 -0.682913
rpy 308 -40.440628 11.485763 -0.174049 -1.571746 0.002748 1.084958
rpy 307 -31.257103 6.982545 -0.067987 -1.564577 0.023423 -0.497107
rpy 306 -28.293650 5.442057 -0.147889 -1.568332 0.004195 1.178919
rpy 305 -19.423023 5.016718 -0.005569 -1.567719 0.020412 2.839091
rpy 304 -18.438492 2.343479 -0.071026 -1.583694 -0.012827 -0.334241
rpy 303 -14.199915 5.314629 -0.176396 -1.564794 0.021423 2.919022
rpy 302 -14.950656 1.540417 0.053727 -1.577313 -0.023395 -0.171337
rpy 301 -4.711780 3.756888 0.229731 -1.589973 -0.000457 3.065409
rpy 300 -1.056447 -0.769288 0.305030 -1.572073 0.004832 -0.179862
rpy 7 -46.527851 11.457605 -5.261648 -1.526464 -0.017932 2.489020
rpy 6 -50.928265 14.681081 -5.225427 -1.548014 0.001355 2.498128
rpy 5 -55.737495 12.731392 -5.871971 -1.531727 -0.013024 -2.223420
rpy 4 -57.533432 10.230264 -4.303449 -1.554811 -0.002020 -2.204871
rpy 3 -58.599373 7.287490 -5.210746 -1.552087 0.008709 -2.210910
rpy 2 -53.345959 3.272475 -5.180837 -1.519885 0.006468 -0.663893
rpy 1 -49.708317 2.963702 -5.417892 -1.543154 -0.011656 0.923778
