-573 | xyz=-31.631250,-70.702904,5.330732 rpy=-1.572338,0.010440,2.232490
-572 | xyz=-24.064384,-64.124176,5.462605 rpy=-1.561629,-0.005377,0.684619
-571 | xyz=-21.459877,-62.039154,5.448678 rpy=-1.571119,0.035819,2.389330
-570 | xyz=-14.807528,-54.101444,5.480870 rpy=-1.578876,-0.010602,-0.654670
-569 | xyz=-13.076409,-51.745159,5.495938 rpy=-1.569256,0.004127,2.608384
-568 | xyz=-9.809128,-47.371353,5.561462 rpy=-1.578946,0.000256,1.037132
-567 | xyz=-6.552942,-40.120853,5.542351 rpy=-1.564911,-0.001912,2.793551
-566 | xyz=-3.155636,-30.552956,5.542357 rpy=-1.573690,0.008874,1.202361
-23 | xyz=1.259650,-0.290042,0.413300 rpy=-1.579863,0.005448,1.501621
-22 | xyz=-2.595293,-4.350472,0.373417 rpy=-1.567280,-0.010606,-1.576441
-19 | xyz=0.350290,-14.306616,0.418740 rpy=-1.572421,-0.005067,1.503603
-18 | xyz=-3.279904,-13.920304,0.327826 rpy=-1.575452,0.004856,-1.690361
-17 | xyz=-0.162976,-17.718489,0.427997 rpy=-1.563910,0.022920,1.354144
-16 | xyz=-2.366001,-27.403261,0.564881 rpy=-1.567365,-0.000060,1.343300
-15 | xyz=-3.349432,-30.638784,0.610340 rpy=-1.567093,0.000404,1.185248
-14 | xyz=-6.886895,-40.251472,0.584536 rpy=-1.558138,-0.001203,2.782389
-13 | xyz=-10.008976,-47.528168,-0.125618 rpy=-1.570227,0.016897,1.050097
-12 | xyz=-14.923669,-54.340118,0.607423 rpy=-1.554383,-0.014062,-0.709168
-11 | xyz=-13.388299,-51.935127,0.708129 rpy=-1.560180,0.003324,2.643282
-10 | xyz=-21.519861,-61.904388,0.748747 rpy=-1.571977,0.000723,2.456893
-9 | xyz=-19.225708,-67.197243,0.882815 rpy=-1.557255,-0.005412,0.782233
-8 | xyz=-25.746124,-62.728046,0.689158 rpy=-1.566831,-0.012480,-2.409833
-7 | xyz=-31.573587,-70.103416,0.787392 rpy=-1.559358,-0.003626,0.681354
-6 | xyz=-32.538235,-74.857674,0.822316 rpy=-1.546371,0.002464,-1.094609
-5 | xyz=-34.509212,-72.018341,0.816176 rpy=-1.554153,-0.007681,0.493820
-4 | xyz=-43.047676,-76.548523,0.507469 rpy=-1.559654,-0.017143,0.490928
-3 | xyz=-44.678070,-73.295502,1.317072 rpy=-1.593634,0.016692,-2.751034
-2 | xyz=-43.031105,-77.337410,0.545361 rpy=-1.573992,-0.005749,2.087003
-1 | xyz=-43.457718,-81.069580,0.402742 rpy=-1.571010,-0.009163,-1.081490
