MARKER 573 6.190060 12.889367 5.286173 -0.154115 -0.687253 0.693231 0.152850
MARKER 572 10.429348 22.189537 5.386570 -0.593986 -0.376294 0.379421 0.601351
MARKER 571 11.884709 25.164768 5.359861 0.096952 0.703454 -0.700282 -0.073198
MARKER 570 14.682053 35.155087 5.386731 -0.702362 0.096613 -0.102014 0.697816
MARKER 569 15.278161 38.021446 5.387737 -0.029676 -0.702727 0.710104 0.032359
MARKER 568 16.486933 43.441444 5.454946 -0.516514 -0.479259 0.481028 0.521667
MARKER 567 16.443695 51.412708 5.445065 0.032599 -0.704104 0.708870 -0.026035
MARKER 566 15.569202 61.522247 5.471087 -0.476943 -0.522186 0.525727 0.472715
MARKER 23 6.619644 90.858253 0.354134 -0.398152 -0.582643 0.586133 0.398058
MARKER 22 4.921568 85.551880 0.328888 -0.616935 0.359532 -0.361536 0.599517
MARKER 19 11.848110 77.829033 0.372705 0.395866 0.589145 -0.583110 -0.395196
MARKER 18 8.496923 76.625847 0.291545 -0.569555 0.414802 -0.416469 0.574544
MARKER 17 12.846657 74.558006 0.377254 -0.448412 -0.546381 0.556319 0.436925
MARKER 16 14.972600 64.771950 0.518523 -0.448156 -0.543290 0.547458 0.451976
MARKER 15 15.421103 61.395649 0.551787 -0.493412 -0.503921 0.504981 0.497597
MARKER 14 16.237362 51.187004 0.522445 0.023665 -0.706239 0.707156 -0.024432
MARKER 13 16.399191 43.311050 -0.208945 -0.527116 -0.467960 0.479416 0.522803
MARKER 12 14.717341 35.176422 0.481376 -0.692457 0.094997 -0.111037 0.706506
MARKER 11 15.197778 38.029121 0.603327 -0.036732 -0.704914 0.707409 0.036312
MARKER 10 11.774500 24.944029 0.587629 -0.092300 -0.700616 0.701186 0.094633
MARKER 9 16.041903 21.072283 0.702563 -0.589328 -0.426610 0.400451 0.557078
MARKER 8 8.395056 22.654919 0.448184 0.391045 -0.584617 0.595609 -0.388017
MARKER 7 6.000996 13.521965 0.544434 -0.606752 -0.367821 0.358718 0.606533
MARKER 6 7.128114 8.770235 0.577369 -0.659406 0.224238 -0.233431 0.678536
MARKER 5 4.118968 10.344193 0.539510 -0.623582 -0.323925 0.319471 0.635733
MARKER 4 -1.413617 2.448584 0.209156 -0.609995 -0.325982 0.327935 0.643506
MARKER 3 -4.381884 4.600865 0.993501 -0.307569 0.634867 -0.631179 0.322426
MARKER 2 -0.982040 1.748985 0.243986 -0.206160 -0.664680 0.685823 0.212944
MARKER 1 0.365339 -1.702634 0.081843 -0.675551 0.190043 -0.205092 0.682240
